10301027
10305079
10305080
10305081
10305082
10305083
10305084
10305085
10305086
10305087
10305901
10305902
10305903
10305904
10305905
10305906
10305907
10305908
10305909
10305911
10305912
10305913
10305915
10305916
10305917
10305920
10305921
10305923
10306001
10306003
10306005
10306006
10306009
10306012
10306013
10306014
10306015
10306016
10306017
10306018
10306019
10306020
10306023
10306024
10306025
10306026
10306028
10306030
10306031
10306032
10306401
10306402
10306403
10306404
10307039
10311002
10311004
10311005
10311006
10311007
10311009
10311010
10311013
10311014
10311015
10311017
10311018
10311020
10311021
10311022
10311028
10311029
10311031
10311033
10311034
10311035
10311037
10311038
10311039
10311046
10311047
10311401
10311402
10311404
10311412
10316001
10316002
10316003
10316006
10316007
10316009
10316010
10336021
06d04020
06d10030
03d10045
04d02018
05304403
05402001
05402901
05408007
05d07005
05d11007
05d11035
06001007
06001008
06001010
06007001
06d01001
06d01002
06d01003
06d01004
06d01005
06d01006
06d01008
06d04015
06d04016
06d04017
06d04018
06d04019
06d04021
06d10029
06d10033
06d10034
06d10035
06d10036
06d11038
06d11042
06d11043
06d11045
07001019
07001020
07001021
07002001
07002003
07002004
07002005
07002042
07002043
07002044
07002045
07004001
07004025
07004026
07004027
07004028
07004047
07005017
07005018
07005019
07005020
07007022
07007023
07007024
07007025
07010021
07010022
07010023
07010024
07011021
07011022
07011024
07011025
07d04006
07d04007
07d04008
07d04009
07d07023
07d07026
07d07027
07d10015
07d10016
07d10017
07d10018
07d10031
07d10032
07d10033
07d11015
07d11016
07d11018
07d11019
07d11040
07d11041
07d11042
07d26001
07d26002
07d26004
07d26005
07d26006
07d26007
08001017
08001018
08001019
08001020
08001021
08001022
08001023
08001024
08004010
08004011
08004012
08004013
08004014
08004016
08004017
08005010
08005011
08005012
08005013
08005014
08005015
08005016
08005017
08005018
08005019
08005020
08005021
08007001
08007002
08007003
08007004
08010001
08010003
08010004
08010005
08010006
08010008
08010009
08010010
08010011
08010012
08010013
08010014
08010015
08010016
08010017
08010018
0801007
08011001
08011002
08011003
08011005
08011006
08011007
08011010
08011011
08011013
08011014
08402001
08d01014
08d01017
08d01018
08d01019
08d01020
08d01021
08d01022
08d02001
08d02002
08d02003
08d02004
08d02005
08d02006
08d02007
08d02008
08d02011
08d02013
08d02014
08d02015
08d02017
08d02019
08d11037
08d11038
09002055
09002056
09002057
09002058
09002059
09002060
09002061
09002062
09004023
09004025
09004027
09004028
09004029
09004036
09004037
09004038
09004039
09004040
09004041
09004043
09005041
09005042
09005043
09005044
09005045
09005046
09005047
09005048
09007015
09007016
09007017
09007018
09010055
09010056
09010057
09010058
09010059
09010060
09010061
09010062
09010063
09010064
09010065
09010066
09011001
09011003
09011005
09011006
09011033
09011034
09011038
09011039
09011041
09011042
09011043
09011045
09011046
09011048
090d7006
09306018
09306029
09306031
09310915
09311003
09317021
09408004
09408301
09d01001
09d01002
09d01003
09d01006
09d01007
09d01008
09d01023
09d02038
09d02039
09d04007
09d04015
09d07001
09d07002
09d07005
09d07027
09d07028
09d07030
09d07031
09d07032
09d07033
09d10015
09d10016
09d10033
09d11033
09d11034
10301001
10301002
10301003
10301004
10301005
10301006
10301007
10301008
10301010
10301011
10301013
10301014
10301017
10301018
10301019
10301021
10301024
10301025
10301026
10301027
10301028
10301029
10301030
10301031
10301032
10301033
10301034
10301036
10301404
10301901
10305001
10305002
10305003
10305004
10305005
10305006
10305007
10305008
10305010
10305012
10305013
10305014
10305015
10305016
10305017
10305018
10305019
10305020
10305021
10305022
10305023
10305024
10305025
10305029
10305030
10305031
10305032
10305034
10305035
10305037
10305038
10305039
10305040
10305041
10305042
10305044
10305045
10305046
10305047
10305048
10305049
10305050
10305051
10305052
10305053
10305054
10305055
10305056
10305057
10305058
10305059
10305060
10305061
10305062
10305063
10305064
10305066
10305067
10305069
10305070
10305072
10305073
10305074
10305075
10305076
10316007
